degree
1
2
3
4
5
6
7
8
9
10
11
12
13
14
15
16
17
18
19
20
21
22
23
24
25
26
27
28
29
30
31
32
33
34
35
36
37
38
39
40
41
42
43
44
45
46
49
50
51
53
54
56
59
60
65
count
2109
2014
1446
850
627
467
371
310
247
225
133
129
120
87
88
72
57
75
52
47
27
37
52
23
23
14
16
15
10
8
30
11
7
10
6
7
6
9
4
5
1
5
4
3
2
1
2
2
2
2
1
1
1
1
1
probability
0.24415373929150266
0.23315582310720073
0.16739986107895347
0.09840240796480666
0.07258624681639268
0.0540634406112526
0.04294975688816856
0.035887937022458904
0.028594582079184996
0.026047696225978235
0.01539708265802269
0.014934012502894188
0.01389210465385506
0.010071775874044918
0.010187543412827044
0.008335262792313036
0.006598749710581153
0.008682565408659412
0.006019912016670526
0.005441074322759898
0.0031257235471173882
0.004283398934938643
0.006019912016670526
0.0026626533919888863
0.0026626533919888863
0.0016207455429497568
0.0018522806205140078
0.0017365130817318824
0.0011576753878212549
9.261403102570039E-4
0.003473026163463765
0.0012734429266033805
8.103727714748784E-4
0.0011576753878212549
6.946052326927529E-4
8.103727714748784E-4
6.946052326927529E-4
0.0010419078490391295
4.6307015512850195E-4
5.788376939106274E-4
1.1576753878212549E-4
5.788376939106274E-4
4.6307015512850195E-4
3.4730261634637646E-4
2.3153507756425097E-4
1.1576753878212549E-4
2.3153507756425097E-4
2.3153507756425097E-4
2.3153507756425097E-4
2.3153507756425097E-4
1.1576753878212549E-4
1.1576753878212549E-4
1.1576753878212549E-4
1.1576753878212549E-4
1.1576753878212549E-4
