1 connected components
Comp	Size
0	200
Comp 0 = 0 1 2 3 4 5 6 7 8 9 10 11 12 13 14 15 16 17 18 19 20 21 22 23 24 25 26 27 28 29 30 31 32 33 34 35 36 37 38 39 40 41 42 43 44 45 46 47 48 49 50 51 52 53 54 55 56 57 58 59 60 61 62 63 64 65 66 67 68 69 70 71 72 73 74 75 76 77 78 79 80 81 82 83 84 85 86 87 88 89 90 91 92 93 94 95 96 97 98 99 100 101 102 103 104 105 106 107 108 109 110 111 112 113 114 115 116 117 118 119 120 121 122 123 124 125 126 127 128 129 130 131 132 133 134 135 136 137 138 139 140 141 142 143 144 145 146 147 148 149 150 151 152 153 154 155 156 157 158 159 160 161 162 163 164 165 166 167 168 169 170 171 172 173 174 175 176 177 178 179 180 181 182 183 184 185 186 187 188 189 190 191 192 193 194 195 196 197 198 199

1 connected components
Largest connected component size = 200
Rank	Vertex	DegCen
1	5	51	*** (1)
2	2	47	*** (3)
3	1	44	*** (2)
4	0	35	*** (4)
5	9	30	*** (9)
6	10	30	*** (7)
7	3	29	*** (5)
8	8	26	*** (8)
9	7	25	*** (6)
10	34	23	*** (13)
11	13	22	*** (11)
12	16	21	*** (12)
13	14	20	*** (17)
14	11	19	*** (15)
15	6	18	*** (10)
16	63	17
17	4	15	*** (14)
18	73	15	*** (24)
19	17	14	*** (19)
20	22	14	*** (18)
21	24	14	*** (30)
22	18	13	*** (27)
23	38	13
24	39	13	*** (38)
25	15	12	*** (21)
26	23	12	*** (33)
27	45	12	*** (36)
28	46	12	*** (20)
29	12	11	*** (16)
30	52	11
31	62	11
32	19	10	*** (28)
33	25	10
34	42	10	*** (22)
35	67	10
36	20	9	*** (29)
37	21	9
38	26	9
39	31	9
40	41	9	*** (32)
------------------------
41	44	9
42	65	9
43	66	9
44	74	9
45	29	8
46	36	8
47	48	8
48	56	8
49	57	8
50	69	8
51	72	8
52	75	8
53	77	8
54	84	8
55	94	8
56	109	8
57	27	7
58	32	7
59	37	7
60	40	7
61	58	7
62	59	7
63	61	7
64	71	7
65	88	7
66	89	7
67	90	7
68	92	7
69	112	7
70	117	7
71	125	7
72	150	7
73	43	6
74	47	6
75	53	6
76	55	6
77	68	6
78	70	6
79	76	6
80	78	6
81	80	6
82	86	6
83	91	6
84	96	6
85	97	6
86	101	6
87	105	6
88	114	6
89	118	6
90	133	6
91	141	6
92	149	6
93	151	6
94	158	6
95	162	6
96	167	6
97	168	6
98	183	6
99	28	5
100	30	5
101	35	5
102	49	5
103	50	5
104	51	5
105	54	5
106	60	5
107	64	5
108	79	5
109	81	5
110	82	5
111	93	5
112	95	5
113	100	5
114	103	5
115	104	5
116	111	5
117	115	5
118	116	5
119	121	5
120	123	5
121	126	5
122	129	5
123	130	5
124	132	5
125	140	5
126	143	5
127	147	5
128	153	5
129	157	5
130	161	5
131	169	5
132	177	5
133	181	5
134	182	5
135	187	5
136	191	5
137	33	4
138	83	4
139	85	4
140	87	4
141	98	4
142	99	4
143	102	4
144	106	4
145	107	4
146	108	4
147	110	4
148	113	4
149	119	4
150	120	4
151	122	4
152	124	4
153	127	4
154	128	4
155	131	4
156	134	4
157	135	4
158	136	4
159	137	4
160	138	4
161	139	4
162	142	4
163	144	4
164	145	4
165	146	4
166	148	4
167	152	4
168	154	4
169	155	4
170	156	4
171	159	4
172	160	4
173	163	4
174	164	4
175	165	4
176	166	4
177	170	4
178	171	4
179	172	4
180	173	4
181	174	4
182	175	4
183	176	4
184	178	4
185	179	4
186	180	4
187	184	4
188	185	4
189	186	4
190	188	4
191	189	4
192	190	4
193	192	4
194	193	4
195	194	4
196	195	4
197	196	4
198	197	4
199	198	4
200	199	4
Rank	Vertex	CloCen
1	5	1.7889	*** (1)
2	1	1.8342	*** (3)
3	2	1.8342	*** (2)
4	0	1.9447	*** (4)
5	3	2.0000	*** (7)
6	7	2.0101	*** (9)
7	10	2.0101	*** (6)
8	8	2.0402	*** (8)
9	9	2.0553	*** (5)
10	6	2.1156	*** (15)
11	13	2.1457	*** (11)
12	16	2.1709	*** (12)
13	34	2.1859	*** (10)
14	4	2.2010	*** (17)
15	11	2.2211	*** (14)
16	12	2.2362	*** (29)
17	14	2.2965	*** (13)
18	22	2.3216	*** (20)
19	17	2.3317	*** (19)
20	46	2.3518	*** (28)
21	15	2.3618	*** (25)
22	42	2.3618	*** (34)
23	44	2.3668
24	73	2.3719	*** (18)
25	139	2.3869
26	59	2.3920
27	18	2.4121	*** (22)
28	19	2.4121	*** (32)
29	20	2.4171	*** (36)
30	24	2.4171	*** (21)
31	37	2.4171
32	41	2.4171	*** (40)
33	23	2.4221	*** (26)
34	121	2.4472
35	126	2.4472
36	45	2.4523	*** (27)
37	56	2.4523
38	39	2.4573	*** (24)
39	86	2.4573
40	27	2.4623
------------------------
41	74	2.4673
42	92	2.4673
43	31	2.4724
44	49	2.4724
45	63	2.4724
46	21	2.4774
47	52	2.4774
48	65	2.4774
49	67	2.4774
50	53	2.4925
51	70	2.4925
52	103	2.4925
53	154	2.4925
54	158	2.5025
55	183	2.5025
56	91	2.5075
57	35	2.5126
58	25	2.5176
59	50	2.5176
60	54	2.5176
61	111	2.5176
62	114	2.5176
63	128	2.5176
64	32	2.5276
65	29	2.5327
66	33	2.5377
67	47	2.5377
68	62	2.5377
69	68	2.5377
70	93	2.5377
71	168	2.5377
72	26	2.5427
73	78	2.5427
74	30	2.5477
75	38	2.5477
76	55	2.5477
77	58	2.5477
78	141	2.5477
79	119	2.5528
80	175	2.5578
81	144	2.5628
82	171	2.5628
83	88	2.5678
84	120	2.5678
85	143	2.5729
86	179	2.5729
87	199	2.5729
88	146	2.5779
89	36	2.5829
90	77	2.5829
91	84	2.5829
92	72	2.5879
93	132	2.5879
94	150	2.5930
95	66	2.5980
96	82	2.5980
97	87	2.6030
98	106	2.6030
99	138	2.6030
100	75	2.6080
101	102	2.6080
102	117	2.6080
103	177	2.6080
104	28	2.6131
105	85	2.6131
106	165	2.6131
107	124	2.6181
108	197	2.6181
109	118	2.6231
110	113	2.6281
111	193	2.6281
112	43	2.6332
113	101	2.6382
114	162	2.6382
115	186	2.6382
116	48	2.6432
117	61	2.6432
118	69	2.6432
119	164	2.6432
120	110	2.6482
121	83	2.6533
122	89	2.6583
123	99	2.6583
124	51	2.6633
125	135	2.6633
126	94	2.6683
127	136	2.6734
128	156	2.6734
129	169	2.6734
130	80	2.6784
131	140	2.6784
132	57	2.6884
133	105	2.6884
134	97	2.6935
135	107	2.6935
136	109	2.6935
137	181	2.6935
138	71	2.6985
139	108	2.6985
140	64	2.7035
141	112	2.7035
142	79	2.7085
143	130	2.7085
144	157	2.7085
145	191	2.7085
146	185	2.7186
147	125	2.7236
148	173	2.7236
149	172	2.7337
150	76	2.7387
151	81	2.7387
152	134	2.7387
153	194	2.7387
154	153	2.7487
155	98	2.7538
156	100	2.7588
157	167	2.7588
158	40	2.7638
159	192	2.7688
160	96	2.7739
161	176	2.7739
162	60	2.7839
163	131	2.7839
164	148	2.7839
165	163	2.7839
166	95	2.7940
167	142	2.7940
168	149	2.7990
169	115	2.8040
170	145	2.8090
171	147	2.8090
172	178	2.8090
173	198	2.8291
174	174	2.8342
175	133	2.8392
176	123	2.8442
177	116	2.8492
178	170	2.8492
179	182	2.8492
180	127	2.8693
181	90	2.8744
182	104	2.8794
183	122	2.8844
184	155	2.8995
185	187	2.8995
186	129	2.9045
187	152	2.9095
188	161	2.9246
189	189	2.9598
190	151	2.9648
191	184	3.0352
192	160	3.0452
193	166	3.0603
194	190	3.0653
195	159	3.0754
196	137	3.0804
197	188	3.0804
198	196	3.0804
199	180	3.1005
200	195	3.1256